TIME for HttpRequester_KMM:
0.3603992916760035
0.20194983333931305
0.2226071250042878
0.21577770833391696
0.19048312499944586
0.22144912500516511
0.19151454167149495
0.21351558332389686
0.17605254166119266
0.22499841667013243
0.1907024166721385
0.21641895832726732
0.18706050000037067
0.20895904167264234
0.18016854165762197
0.21150141667749267
0.19416920833464246
0.21199541667010635
0.1862728749983944
0.22861470832140185
0.17876979167340323
0.2116821249946952
0.18015433332766406
0.21987445832928643
0.18365629167237785
0.2106764583295444
0.1803914999909466
0.20371349999913946
0.18326520832488313
0.21343366666405927
0.1843092499912018
0.22117704166157637
0.18006533333391417
0.17491549999976996
0.21639087499352172
0.18050266666978132
0.2276138333400013
0.2862135833274806
0.21292729166452773
0.18328437500167638
0.20686466667393688
0.19326283334521577
0.21186120832862798
0.1807742916571442
0.20560450000630226
0.17226858333742712
0.21647912501066457
0.17403254167584237
0.2253434583399212
0.18304058333160356
0.20815733334165998
0.1831523333385121
0.2036694583366625
0.1837961666751653
0.21307254167913925
0.18121837498620152
0.22267583332723007
0.19997662499372382
0.21692875000007916
0.18043945833051112
0.22429345833370462
0.17982391666737385
0.21125091667636298
0.18949841665744316
0.20250637500430457
0.2226762083300855
0.19003695833089296
0.20451583333488088
0.18462399998679757
0.205321791669121
0.17756299999018665
0.2205671666743001
0.18580241667223163
0.2060288749926258
0.17225504165980965
0.2236502916639438
0.17806770832976326
0.2223155416577356
0.18916529166745022
0.22058170833042823
0.180757750000339
0.2145486666559009
0.18513754165905993
0.21494358334166463
0.17295391666993964
0.21838062499591615
0.18314112500229385
0.20860454166540876
0.19281354166741949
0.2441438750101952
0.18235408334294334
0.20794658333761618
0.19443595832854044
0.21646170833264478
0.18570908333640546
0.21355645832954906
0.17046466667670757
0.1788808749988675
0.22305241666617803
0.17180454166373238
0.2098227916721953
0.18752591666998342
0.20642416666669305
0.19183625000005122
0.21083991666091606
0.18211066667572595
0.20428154166438617
0.19417741666256916
0.2140664583275793
0.1815025833348045
