TIME for HttpRequester_NATIVE:
0.27795429165416863
0.26552820834331214
0.17614616667560767
0.2114724999992177
0.19243054166145157
0.21381116667180322
0.17811645833717193
0.21253187500406057
0.17449604166904464
0.2129010833305074
0.18218816666922066
0.20966729166684672
0.17837320834223647
0.21050941666180734
0.18726900000183377
0.21333145833341405
0.19019462500000373
0.21598741666821297
0.20168437500251457
0.1884612916619517
0.21036391667439602
0.18364012500387616
0.20730416667356621
0.17253091666498221
0.21600333332025912
0.1800527916639112
0.22365287500724662
0.17625133332330734
0.21162729167554062
0.21261154167586938
0.2199559583386872
0.1892669166700216
0.21313491667388007
0.18294416666321922
0.20104241666558664
0.17862829167279415
0.22300433332566172
0.18509074999019504
0.21446350000042003
0.1814052083354909
0.20662341667048167
0.1796197083313018
0.2164690416684607
0.1821944166586036
0.20456266666587908
0.18352500000037253
0.21183545832172967
0.2016342916758731
0.21848129166755825
0.18444979167543352
0.2151245416753227
0.22135929166688584
0.18003837499418296
0.20030020832200535
0.16869295833748765
0.26066325001011137
0.18402162499842234
0.22402604165836237
0.18834837499889545
0.2054809583351016
0.183650958337239
0.22134741666377522
0.1955876250140136
0.2769605416688137
0.18011216666491237
0.20056149999436457
0.18964024999877438
0.21219420833222102
0.18575570832763333
0.17918454165919684
0.21570245832845103
0.18145408332929946
0.2205872500053374
0.18279674999939743
0.22107112499361392
0.1843968750035856
0.20510837499750778
0.18493245833087713
0.21073358332796488
0.1793056666647317
0.1817438333237078
0.2145956666645361
0.19274416666303296
0.21080025000264868
0.1747765833424637
0.221501874999376
0.17139562498778105
0.21463849999418017
0.17705129165551625
0.22166612499859184
0.1715988333307905
0.21170416666427627
0.23148112501075957
0.20539641666982789
0.18932345834036823
0.2147607499937294
0.17562620833632536
0.21330291667254642
0.17765645832696464
0.21163024999259505
0.19001725000271108
0.20873087500513066
0.1846088750025956
0.21623099999851547
0.25858833333768416
0.21033254166832194
0.18174875000840984
0.2150708333356306
0.17070358333876356
0.2134762083296664
