KMM
DELETE_ONE
TIME for DatabaseOperator_DELETE_ONE_KMM:
0.00014812499284744263
9.283333201892674e-05
6.537498848047107e-05
6.629167182836682e-05
8.083332795649767e-05
6.474999827332795e-05
6.508332444354892e-05
6.358332757372409e-05
7.525000546593219e-05
8.195833652280271e-05
5.6916658650152385e-05
6.516666326206177e-05
6.170834240037948e-05
5.0666669267229736e-05
5.2541668992489576e-05
4.937499761581421e-05
5.904166027903557e-05
5.0333328545093536e-05
4.975000047124922e-05
5.212500400375575e-05
6.404166924767196e-05
5.833333125337958e-05
4.916667239740491e-05
4.9208334530703723e-05
5.037499067839235e-05
5.695833533536643e-05
4.454166628420353e-05
4.541667294688523e-05
4.6583329094573855e-05
4.495833127293736e-05
4.3166670366190374e-05
4.387499939184636e-05
4.6916655264794827e-05
4.7666660975664854e-05
4.4041662476956844e-05
4.545833508018404e-05
4.8791669541969895e-05
5.216666613705456e-05
4.320833249948919e-05
4.3958338210359216e-05
4.77083376608789e-05
7.020833436399698e-05
4.4166663428768516e-05
4.508333222474903e-05
4.612500197254121e-05
4.454166628420353e-05
4.308333154767752e-05
4.287499177735299e-05
4.73749969387427e-05
3.841666330117732e-05
5.57916791876778e-05
3.7333331420086324e-05
4.5458320528268814e-05
3.758333332370967e-05
3.708332951646298e-05
3.6458339309319854e-05
3.983333590440452e-05
4.7916662879288197e-05
3.399999695830047e-05
3.3291667932644486e-05
3.8666665204800665e-05
3.266666317358613e-05
3.3249991247430444e-05
7.516666664741933e-05
9.416666580364108e-05
4.46666672360152e-05
4.662499122787267e-05
4.829168028663844e-05
3.808333713095635e-05
3.512500552460551e-05
3.4374999813735485e-05
4.2166662751697004e-05
4.150001041125506e-05
7.24166602594778e-05
4.179167444817722e-05
3.7333331420086324e-05
4.0958329918794334e-05
4.9333335482515395e-05
3.945833304896951e-05
3.8208323530852795e-05
4.2208339436911047e-05
3.7458346923813224e-05
3.720834502018988e-05
4.50000079581514e-05
3.970833495259285e-05
4.495833127293736e-05
4.095834447070956e-05
4.079166683368385e-05
4.012499994132668e-05
4.904165689367801e-05
3.808333713095635e-05
3.25833389069885e-05
3.9541657315567136e-05
3.774999640882015e-05
3.758333332370967e-05
3.7874997360631824e-05
4.0083337808027864e-05
3.749999450519681e-05
3.5791657865047455e-05
3.6583340261131525e-05
4.033332515973598e-05
3.695834311656654e-05
3.6791665479540825e-05
4.529167199507356e-05
4.041667853016406e-05
4.8250003601424396e-05
3.6874989746138453e-05
3.708334406837821e-05
3.949999518226832e-05
3.6791665479540825e-05
