KMM
SELECT_ONE
TIME for DatabaseOperator_SELECT_ONE_KMM:
0.001640000002225861
3.266667772550136e-05
2.849999873433262e-05
2.750000567175448e-05
2.7125002816319466e-05
2.604165638331324e-05
2.595833211671561e-05
2.6249996153637767e-05
2.6916677597910166e-05
2.595833211671561e-05
2.5708330213092268e-05
2.5666668079793453e-05
2.5708330213092268e-05
2.5000001187436283e-05
2.5541667127981782e-05
2.6166671887040138e-05
2.6166671887040138e-05
2.5166664272546768e-05
2.6916663045994937e-05
2.5458342861384153e-05
2.5250003091059625e-05
2.5583343813195825e-05
3.979165921919048e-05
2.5583329261280596e-05
2.6166671887040138e-05
2.6666661142371595e-05
2.6041670935228467e-05
2.154166577383876e-05
2.1208339603617787e-05
2.6416659238748252e-05
2.5541667127981782e-05
2.562500594649464e-05
2.704166399780661e-05
2.1708343410864472e-05
2.1916668629273772e-05
2.629167283885181e-05
2.1833329810760915e-05
2.1625004592351615e-05
2.1916668629273772e-05
2.1708328858949244e-05
2.145834150724113e-05
2.1500003640539944e-05
2.34166654990986e-05
2.17916676774621e-05
2.2374995751306415e-05
2.2500011255033314e-05
2.1833329810760915e-05
2.1375002688728273e-05
2.1708328858949244e-05
0.0001307500060647726
4.687500768341124e-05
2.8833324904553592e-05
2.704166399780661e-05
2.420833334326744e-05
2.4249995476566255e-05
2.6041670935228467e-05
2.17916676774621e-05
2.112500078510493e-05
2.0833336748182774e-05
3.1083342037163675e-05
2.0833336748182774e-05
2.1166662918403745e-05
2.4541659513488412e-05
1.6041667549870908e-05
2.0833336748182774e-05
2.024999412242323e-05
2.3083339328877628e-05
1.608334423508495e-05
2.5208326405845582e-05
1.9708328181877732e-05
1.9958330085501075e-05
2.9291666578501463e-05
2.5583329261280596e-05
2.462499833200127e-05
2.0083345589227974e-05
2.683332422748208e-05
1.6458332538604736e-05
1.562500256113708e-05
1.5333338524214923e-05
1.5375000657513738e-05
1.616666850168258e-05
1.5791665646247566e-05
1.550000160932541e-05
1.6458332538604736e-05
1.616666850168258e-05
1.550000160932541e-05
1.5458324924111366e-05
1.5458324924111366e-05
1.5875004464760423e-05
2.0000006770715117e-05
2.174999099224806e-05
1.5583325875923038e-05
1.5416662790812552e-05
1.5916666598059237e-05
1.5916666598059237e-05
1.9416664144955575e-05
2.0374995074234903e-05
1.9541665096767247e-05
2.7916670660488307e-05
1.6583333490416408e-05
1.9291663193143904e-05
2.0541672711260617e-05
2.0041668904013932e-05
1.5666664694435894e-05
2.0083331037312746e-05
1.9833343685604632e-05
2.033333294093609e-05
2.0291670807637274e-05
2.849999873433262e-05
1.9833343685604632e-05
