KMM
UPDATE_ONE
TIME for DatabaseOperator_UPDATE_ONE_KMM:
0.00037183333188295364
9.220834181178361e-05
7.412499689962715e-05
6.958332960493863e-05
5.3958341595716774e-05
5.299999611452222e-05
5.004166450817138e-05
4.6375003876164556e-05
4.6250002924352884e-05
4.929167334921658e-05
5.358333874028176e-05
4.633332719095051e-05
4.6250002924352884e-05
4.6583329094573855e-05
5.075000808574259e-05
4.616666410584003e-05
4.654166696127504e-05
4.729167267214507e-05
4.587500006891787e-05
5.841667007189244e-05
4.670833004638553e-05
4.662499122787267e-05
4.891665594186634e-05
4.60833398392424e-05
4.641666600946337e-05
4.71666717203334e-05
5.104167212266475e-05
4.68333309981972e-05
4.670833004638553e-05
5.78333274461329e-05
4.941665974911302e-05
4.662499122787267e-05
4.650000482797623e-05
4.6583329094573855e-05
5.079167021904141e-05
5.854167102370411e-05
4.68333309981972e-05
5.43750065844506e-05
4.9208334530703723e-05
4.69583465019241e-05
4.6041663154028356e-05
4.666666791308671e-05
5.058333044871688e-05
4.325000918470323e-05
3.925000783056021e-05
3.970833495259285e-05
4.183333658147603e-05
3.904166806023568e-05
3.962499613407999e-05
4.012499994132668e-05
4.3374995584599674e-05
4.929165879730135e-05
4.7249995986931026e-05
3.9666672819294035e-05
4.212500061839819e-05
3.945833304896951e-05
3.912499232683331e-05
3.991666017100215e-05
0.0001460833300370723
6.345834117382765e-05
5.462499393615872e-05
4.4833330321125686e-05
4.77083376608789e-05
4.5625012717209756e-05
4.57499991171062e-05
4.541667294688523e-05
4.9333335482515395e-05
6.104166095610708e-05
4.57499991171062e-05
3.629166167229414e-05
4.166667349636555e-05
4.225000157020986e-05
4.2416664655320346e-05
4.299999272916466e-05
3.845832543447614e-05
3.508332883939147e-05
3.5708333598449826e-05
3.47500026691705e-05
4.333333345130086e-05
3.966665826737881e-05
3.474998811725527e-05
3.4249998861923814e-05
3.891666710842401e-05
5.1333336159586906e-05
4.116666968911886e-05
3.508332883939147e-05
3.7916674045845866e-05
3.466667840257287e-05
3.4916665754280984e-05
3.841666330117732e-05
4.333333345130086e-05
3.883332828991115e-05
3.9958322304300964e-05
3.829166234936565e-05
3.704166738316417e-05
4.695833195000887e-05
3.9208331145346165e-05
3.804167499765754e-05
4.600000102072954e-05
4.816666478291154e-05
3.6124998587183654e-05
4.620832623913884e-05
4.4041662476956844e-05
4.59583243355155e-05
3.8124999264255166e-05
3.858334093820304e-05
4.170833562966436e-05
3.975001163780689e-05
3.841667785309255e-05
3.912499232683331e-05
