KMM
INSERT_ONE
TIME for DatabaseOperator_INSERT_ONE_KMM:
0.00572404166450724
8.583332237321883e-05
7.204167195595801e-05
7.429165998473763e-05
6.833333463873714e-05
6.695832416880876e-05
6.862501322757453e-05
7.087500125635415e-05
6.837499677203596e-05
6.770832987967879e-05
6.620833300985396e-05
6.995833246037364e-05
6.737500370945781e-05
6.683332321699709e-05
7.291666406672448e-05
8.729167166166008e-05
9.250000584870577e-05
5.179166328161955e-05
5.291667184792459e-05
5.545832391362637e-05
5.8458332205191255e-05
6.091666000429541e-05
5.191666423343122e-05
5.4958334658294916e-05
6.029166979715228e-05
5.9124999097548425e-05
5.6916673202067614e-05
5.4708332754671574e-05
5.337501352187246e-05
5.279167089611292e-05
5.741666245739907e-05
4.8874993808567524e-05
5.874999624211341e-05
4.60833398392424e-05
4.5708336983807385e-05
5.233332922216505e-05
4.816666478291154e-05
4.5583336031995714e-05
5.304165824782103e-05
7.38749949960038e-05
4.620834079105407e-05
4.204167635180056e-05
4.6041663154028356e-05
4.9124995712190866e-05
5.89166593272239e-05
4.57499991171062e-05
4.545833508018404e-05
4.9333335482515395e-05
5.808332934975624e-05
4.479166818782687e-05
4.566666029859334e-05
4.808332596439868e-05
5.675001011695713e-05
4.1083345422521234e-05
4.612500197254121e-05
5.679167225025594e-05
5.6791657698340714e-05
5.400000372901559e-05
4.620832623913884e-05
4.9208334530703723e-05
4.762499884236604e-05
4.5916662202216685e-05
5.3541676606982946e-05
4.841666668653488e-05
6.575000588782132e-05
4.133333277422935e-05
3.9000005926936865e-05
5.325001257006079e-05
4.029166302643716e-05
3.875000402331352e-05
4.666666791308671e-05
4.320833249948919e-05
3.9208331145346165e-05
4.387499939184636e-05
3.9208331145346165e-05
4.258332774043083e-05
4.012499994132668e-05
3.7999998312443495e-05
3.9000005926936865e-05
4.1416671592742205e-05
0.0001629583421163261
6.150000263005495e-05
5.2416668040677905e-05
5.908333696424961e-05
3.683334216475487e-05
4.325000918470323e-05
4.3416672269813716e-05
4.258332774043083e-05
4.016666207462549e-05
3.9333332097157836e-05
3.904166806023568e-05
4.9333335482515395e-05
3.883332828991115e-05
4.066666588187218e-05
4.029166302643716e-05
4.166665894445032e-05
5.091667117085308e-05
3.795833617914468e-05
3.516666765790433e-05
4.46666672360152e-05
4.216667730361223e-05
3.412499791011214e-05
3.916665446013212e-05
4.470834392122924e-05
3.808333713095635e-05
3.8333324482664466e-05
3.945833304896951e-05
4.0000013541430235e-05
3.7791658542118967e-05
3.7999998312443495e-05
