NATIVE
UPDATE_ONE
TIME for DatabaseOperator_UPDATE_ONE_NATIVE:
0.002066625005681999
0.00150433334056288
0.0012521250027930364
0.0012677916674874723
0.0011530833289725706
0.0012424999877111986
0.0011351666616974398
0.0011599999997997656
0.0011477916705189273
0.0008935000078054145
0.0008900833345251158
0.0008930416661314666
0.000873625001986511
0.0008809166756691411
0.0009276666678488255
0.0008725833322387189
0.0009384583390783519
0.0008856666681822389
0.0009356666705571115
0.0008939583349274471
0.000899125006981194
0.0008156666735885665
0.0008368333365069702
0.0007721666625002399
0.0007879999902797863
0.0008268749952549115
0.0007292499940376729
0.0007485833339160308
0.0007687916659051552
0.0008432500035269186
0.0007298333366634324
0.0007544583204435185
0.0007956666668178514
0.0007588333392050117
0.0007264166633831337
0.0007383333286270499
0.0007897500036051497
0.0007897083269199356
0.0006916249985806644
0.000726624988601543
0.0007017916650511324
0.0007372499967459589
0.0007760416774544865
0.0007390416576527059
0.000686666666297242
0.0007043333316687495
0.0007041250064503402
0.0007188750023487955
0.0006969583337195218
0.0007386666693491861
0.0006792916683480144
0.0006563750066561624
0.0006504999910248443
0.0006397500110324472
0.0006936249992577359
0.0006260416703298688
0.0007034166628727689
0.0006345000001601875
0.0006835833337390795
0.00064916665724013
0.0006741249962942675
0.0006869583303341642
0.0006337916711345315
0.0006640416686423123
0.0006135000003268942
0.0006798333342885599
0.0006268750003073364
0.0007100833317963406
0.0006582083442481235
0.0006395416567102075
0.0006581250054296106
0.0006433750095311552
0.0007357083377428353
0.0006231250008568168
0.0005815416661789641
0.0005935416702413931
0.0006220416689757258
0.0005941249983152375
0.0005985833413433284
0.0006679583311779425
0.0005967499891994521
0.0006384166626958176
0.0006924583431100473
0.0006407916662283242
0.0006228749989531934
0.000635041666100733
0.0006477083370555192
0.0006855416722828522
0.00064262498926837
0.0006192500004544854
0.0005992916558170691
0.0006298749940469861
0.0005825833359267563
0.0005717916646972299
0.0006553333369083703
0.0006345000001601875
0.0007059166673570871
0.0006690416776109487
0.0006334583304123953
0.00063833333842922
0.0005934583459747955
0.0006353333301376551
0.0006359166582114995
0.0005952499923296273
0.0006146250088931993
0.0006518750014947727
0.0006484166660811752
0.0006156666640890762
0.0006463749887188897
0.0006575416773557663
