NATIVE
DELETE_ONE
TIME for DatabaseOperator_DELETE_ONE_NATIVE:
0.0013598750083474442
0.0017259166634175926
0.001317000002018176
0.0012292500032344833
0.0011626250052358955
0.0011475000064820051
0.0011143750016344711
0.0011575833341339603
0.00114058333565481
0.0009455416584387422
0.000906000001123175
0.0008642083266749978
0.0008503749995725229
0.0008429166773566976
0.0008542083232896402
0.0008942499989643693
0.0009007083426695317
0.0008932083292165771
0.0009093333355849609
0.0008867916621966287
0.0009277499921154231
0.0008194999973056838
0.000773291671066545
0.0007856666634324938
0.0007811666728230193
0.0008233749977080151
0.0008271666738437489
0.0007966666598804295
0.0008569583296775818
0.0008063333225436509
0.0007621249969815835
0.0007559166697319597
0.0007563749968539923
0.0007387916703009978
0.0008352916629519314
0.0007403333293041214
0.0006637500046053901
0.0007139999943319708
0.0006931666721357033
0.0006930000090505928
0.000719749994459562
0.0007447916577802971
0.0006952500116312876
0.0007367500074906275
0.0007049999985611066
0.0006954166747163981
0.0007558749930467457
0.0007271666690940037
0.0007109583384590223
0.0007494166638934985
0.0006905000045662746
0.0006569166725967079
0.0006916249985806644
0.0006506666686618701
0.000644458326860331
0.0006432083318941295
0.0006240000075194985
0.0006257916684262455
0.0006182916695252061
0.000641583334072493
0.0006539166643051431
0.0006463749887188897
0.000681208330206573
0.0006061666645109653
0.0006372916686814278
0.0006065000052331015
0.0006112499977461994
0.0006108750094426796
0.0006232083396753296
0.0006648333364864811
0.0006578333413926885
0.0006477083370555192
0.000646249987767078
0.0006046250055078417
0.0005696666630683467
0.000595416669966653
0.0005857916694367304
0.0006032083329046145
0.0005897083319723606
0.0005962083378108218
0.0006077916623326018
0.0006160000048112124
0.0006442500016419217
0.0005988333286950365
0.000626333334366791
0.0006772916676709428
0.0006287083378992975
0.0006022500019753352
0.0006183333316585049
0.0006331250042421743
0.0005850000015925616
0.0006342500128084794
0.0006032083329046145
0.0005562500009546056
0.0006634166784351692
0.0006063750042812899
0.000597916659899056
0.0006273749895626679
0.0006842916773166507
0.0006820833223173395
0.0006061666645109653
0.0005836666678078473
0.0005970416677882895
0.000626208318863064
0.0006235416658455506
0.0006705416599288583
0.0006130416732048616
0.0005853333277627826
0.0006643749948125333
0.0006223333330126479
