NATIVE
SELECT_ONE
TIME for DatabaseOperator_SELECT_ONE_NATIVE:
0.0008118749974528328
0.00021949999791104347
0.0001330833329120651
0.0001212499919347465
0.00011533332872204483
0.00010608334559947252
0.00010274999658577144
0.0001019583287416026
9.991666593123227e-05
0.0001014166628010571
9.724999836180359e-05
9.658333146944642e-05
9.666665573604405e-05
9.570832480676472e-05
9.641666838433594e-05
9.641666838433594e-05
9.495833364780992e-05
9.912501263897866e-05
9.499999578110874e-05
9.054166730493307e-05
9.549999958835542e-05
9.333333582617342e-05
9.491667151451111e-05
9.379166294820607e-05
9.408332698512822e-05
9.362499986309558e-05
9.329165914095938e-05
9.175000013783574e-05
0.00010041666973847896
9.533332195132971e-05
9.37916775001213e-05
9.40000027185306e-05
9.362499986309558e-05
9.42083279369399e-05
9.408332698512822e-05
9.308333392255008e-05
9.300000965595245e-05
9.34583367779851e-05
8.829166472423822e-05
0.00010550000297371298
9.191667777486145e-05
9.333333582617342e-05
9.254166798200458e-05
9.308333392255008e-05
9.354167559649795e-05
8.870834426488727e-05
9.625000529922545e-05
9.358332317788154e-05
9.154166036751121e-05
8.837500354275107e-05
8.895833161659539e-05
8.84583278093487e-05
8.737501048017293e-05
8.81249870872125e-05
8.854166662786156e-05
8.77083366503939e-05
8.858332876116037e-05
8.783333760220557e-05
8.845834236126393e-05
8.820834045764059e-05
7.837500015739352e-05
6.48333370918408e-05
6.441667210310698e-05
6.50416623102501e-05
6.466665945481509e-05
6.500000017695129e-05
6.44999963697046e-05
6.42916711512953e-05
6.462499732151628e-05
6.424999446608126e-05
6.437500996980816e-05
6.474999827332795e-05
6.445833423640579e-05
6.458333518821746e-05
6.412499351426959e-05
6.429165659938008e-05
6.47083215881139e-05
6.487499922513962e-05
6.445833423640579e-05
6.466667400673032e-05
6.462499732151628e-05
6.441667210310698e-05
6.441667210310698e-05
6.42916711512953e-05
6.466665945481509e-05
6.433333328459412e-05
6.483332253992558e-05
6.441667210310698e-05
6.450001092161983e-05
6.404166924767196e-05
6.44999963697046e-05
6.462499732151628e-05
6.441667210310698e-05
6.441665755119175e-05
6.458333518821746e-05
6.458332063630223e-05
6.474999827332795e-05
6.424999446608126e-05
6.424999446608126e-05
6.420833233278245e-05
6.412500806618482e-05
6.487499922513962e-05
6.458333518821746e-05
6.466665945481509e-05
6.48333370918408e-05
6.462499732151628e-05
6.491667591035366e-05
6.725000275764614e-05
6.433333328459412e-05
0.00013899999612476677
