
NATIVE
INSERT_ONE
TIME for DatabaseOperator_INSERT_ONE_NATIVE:
0.008753083340707235
0.0016714166704332456
0.0014895000058459118
0.0013924166705692187
0.0011847916757687926
0.0011594583338592201
0.001190083334222436
0.001061999995727092
0.0010167916625505313
0.001664000010350719
0.001242791666300036
0.0011900416720891371
0.0012266249977983534
0.0011412083404138684
0.0011214166588615626
0.0014535000082105398
0.001116499988711439
0.0010782916651805863
0.000909624999621883
0.0009156250016530976
0.0009000416757771745
0.0009148333338089287
0.0014299583417596295
0.00111179165833164
0.0008478333329549059
0.0008842916577123106
0.0009263749961974099
0.0008419583318755031
0.0008882916736183688
0.0008462499972665682
0.0008237083238782361
0.000792166669270955
0.0008237500005634502
0.0008158749988069758
0.0008294583385577425
0.0007379166636383161
0.0007319583382923156
0.0008111666684271768
0.000743791664717719
0.0007370416715275496
0.0007705416792305186
0.0008297083404613659
0.0008203750039683655
0.0007789166556904092
0.0008188333304133266
0.0007100833317963406
0.0006852916703792289
0.000715791669790633
0.0006890416698297486
0.0006840833375463262
0.0006612500001210719
0.0006950000097276643
0.0006940833409316838
0.0006785416771890596
0.0007345416670432314
0.0006918333237990737
0.0006835416716057807
0.0006973749987082556
0.0006600000051548705
0.000726666665286757
0.0006524166674353182
0.0006617916660616174
0.0006647083355346695
0.0006553749990416691
0.0006017499981680885
0.0006164999940665439
0.0006367916648741812
0.0006713333277730271
0.0007185416761785746
0.0006462500023189932
0.0006292499892879277
0.0006537500012200326
0.0005788749986095354
0.0006242500094231218
0.0005910833278903738
0.0006635000027017668
0.0005923749995417893
0.0005875416682101786
0.000590000010561198
0.0005914583307458088
0.0006543749914271757
0.000595416669966653
0.0005715416627936065
0.000564833331736736
0.0006118750025052577
0.0006215416651684791
0.0005775833415100351
0.000640500002191402
0.0006432083318941295
0.0006486666679847986
0.0006482916651293635
0.0005970833299215883
0.0006508750084321946
0.0005963750008959323
0.0005872916663065553
0.0005944583390373737
0.0006235416658455506
0.0006712500035064295
0.0006238333298824728
0.00056991666497197
0.0005834166659042239
0.0005599583237199113
0.0006754583300789818
0.0006080833409214392
0.0006091250106692314
0.0006418333214242011
0.0005804166721645743
0.0005743333313148469
0.0005711249978048727
0.0005918333336012438
